1       9.03e-08   1.13e-04 1.07e-04 1.65e-04 2.28e-04 4.11e-04 8.06e-04 1.51e-03
2       1.61e-07   6.80e-05 5.62e-05 8.79e-05 1.75e-04 3.39e-04 7.41e-04 1.44e-03
4       8.62e-07   5.73e-05 8.39e-05 7.78e-05 1.52e-04 3.06e-04 6.50e-04 1.26e-03
8       9.02e-07   5.77e-05 6.97e-05 1.27e-04 1.64e-04 3.11e-04 6.29e-04 1.31e-03
16      2.39e-06   6.06e-05 6.83e-05 1.10e-04 3.21e-04 3.36e-04 6.68e-04 1.36e-03
32      3.65e-06   6.05e-05 6.72e-05 1.15e-04 2.80e-04 5.92e-04 6.79e-04 1.30e-03
64      5.53e-06   7.01e-05 7.30e-05 1.13e-04 2.45e-04 4.86e-04 1.14e-03 1.39e-03
128     1.42e-05   8.93e-05 9.87e-05 1.28e-04 3.24e-04 5.48e-04 1.14e-03 2.30e-03
256     3.56e-05   1.77e-04 1.62e-04 1.81e-04 3.89e-04 5.78e-04 1.18e-03 2.09e-03
512     1.22e-04   4.33e-04 4.25e-04 3.65e-04 7.90e-04 8.66e-04 1.36e-03 2.41e-03
1024    6.33e-04   1.55e-03 1.44e-03 1.07e-03 2.55e-03 1.77e-03 2.09e-03 3.04e-03
2048    3.20e-03   5.75e-03 5.48e-03 3.49e-03 6.97e-03 5.39e-03 4.36e-03 4.94e-03
4096    1.44e-02   2.21e-02 2.08e-02 1.34e-02 2.68e-02 1.68e-02 1.13e-02 9.37e-03
8192    6.97e-02   8.70e-02 8.43e-02 5.44e-02 1.03e-01 6.23e-02 4.00e-02 2.98e-02
16384   4.04e-01   3.47e-01 3.27e-01 2.12e-01 4.13e-01 2.41e-01 1.48e-01 9.85e-02
32768   2.56e+00   1.53e+00 1.24e+00 8.39e-01 1.58e+00 9.60e-01 5.63e-01 3.65e-01
65536   1.25e+01   6.76e+00 4.72e+00 3.17e+00 6.44e+00 3.77e+00 2.17e+00 1.38e+00
131072  5.48e+01   3.07e+01 1.98e+01 1.20e+01 2.55e+01 1.50e+01 8.62e+00 5.29e+00
262144  2.69e+02   1.58e+02 1.98e+02 1.39e+02 2.16e+02 1.22e+02 6.71e+01 4.01e+01
